172
174
175
175
176
177
179
179
179
180
182
183
183
184
184
185
186
187
187
188
188
189
190
190
191
191
192
193
193
195
195
196
197
198
199
199
199
199
200
200
201
201
203
201
200
200
199
199
198
198
196
196
195
195
195
195
194
193
193
193
192
192
192
192
192
192
192
192
192
192
192
192
192
190
190
188
188
188
187
187
185
185
184
184
184
184
184
183
183
182
182
182
180
180
180
180
179
179
179
179
179
179
179
177
177
177
177
177
177
176
176
176
176
176
176
176
176
176
176
176
176
176
176
176
176
176
176
176
176
176
176
176
176
176
176
176
175
175
174
174
174
174
172